00000000
11111111
11111111
11111111
11111111
11111111
11111111
00000000
01011010
01100011
00110000
10101110
00000001
00000001
00000001
00000001
00000001
00011010
00000001
00000011
10000000
00110100
00011101
01111000
00101110
11100110
10010101
10100011
01010100
01001010
10011001
00100110
00001111
01010000
01010100
10111111
11101111
10000000
11010001
11000000
10110011
00000000
10101001
01000000
10101001
11000000
10010101
00000000
10010000
01000000
10000001
10000000
00000001
00000001
01001101
11010000
00000000
10100000
11110000
01110000
00111110
10000000
00110000
00100000
00110101
00000000
00001001
00100101
00100001
00000000
00000000
00011010
00000010
00111010
10000000
00011000
01110001
00111000
00101101
01000000
01011000
00101100
01000101
00000000
00001001
00100101
00100001
00000000
00000000
00011110
00000000
00000000
00000000
11111101
00000000
00010110
01001011
00011000
10100000
00111100
00000000
00001010
00100000
00100000
00100000
00100000
00100000
00100000
00000000
00000000
00000000
11111100
00000000
01010110
01011000
00110010
00110100
00110111
00110101
00100000
01010011
01000101
01010010
01001001
01000101
01010011
00000001
00001010
00000010
00000011
00111101
11110001
01010001
01100000
01100110
01100101
00010000
00011111
00000101
00010100
00000100
00010011
00000011
00010010
00000111
00000001
01100001
01011101
01011110
01011111
00100011
00001001
01111111
00000111
10000011
00000001
00000000
00000000
01101101
00000011
00001100
00000000
00010000
00000000
00111001
00111100
00100000
00000000
01100000
00000001
00000010
00000011
01100111
11011000
01011101
11000100
00000001
01101100
11001000
00000000
11100011
00000101
00000011
00000000
11100100
00001111
00000111
11100000
00000001
00000010
00111010
10000000
00011000
01110001
00111000
00101101
01000000
01011000
00101100
01000101
00000000
01101101
01010101
00100001
00000000
00000000
00011110
00000001
00011101
00000000
01110010
01010001
11010000
00011110
00100000
01101110
00101000
01010101
00000000
00001001
00100101
00100001
00000000
00000000
00011110
10001100
00001010
11010000
10001010
00100000
11100000
00101101
00010000
00010000
00111110
10010110
00000000
00001001
00100101
00100001
00000000
00000000
00011000
00000010
00111010
10000000
11010000
01110010
00111000
00101101
01000000
00010000
00101100
01000101
10000000
00101011
